col0,col1,col2,col3
dry_marsala,https://www.evino.com.br/product/baglio-baiata-alagna-marsala-fine-i-p--dop-64832.html,52.9,"https://res.cloudinary.com/evino/image/upload/t_bottle_large,f_auto/v1/products/1645770-standing-front.jpg"
anjou,http://www.marksandspencer.com/ros-d-anjou-case-of-6/p/p21127143?&pdpredirect,260.0,"https://asset1.marksandspencer.com/is/image/mands/FD_FD_F23A_00588980_NC_X_EC_0?$PDP_PROD_IMAGE$&id=S3Iq93&fmt=jpg&fit=constrain,1&wid=348&hei=519"
coteaux_champenois,https://www.wine.com.br/vinhos/ropiteau-freres-coteaux-borguignons-2015/prod17503.html?gclid=Cj0KCQiAsK7RBRDzARIsAM2pTZ8md3iHgvd8PmxEu-2zMMBWNUMDtplh2YrvMSrx5GZnaaqm0_mk29oaAvmLEALw_wcB,62.0,https://www.wine.com.br/renderImage.image?imageName=produtos/17503-01.jpg&padding=0
bordeaux,https://www.evino.com.br/product/bordeaux-chateau-camarsan-2014-50552.html?utm_content=1657870&utm_medium=Shopping&utm_source=google&openShop=true&gclid=Cj0KCQiAsK7RBRDzARIsAM2pTZ8zB2bXTv4AdtVVZ9js7zJT7SLwED12LW8ZjtGci7F2OlXOgH1bjz8aAgOGEALw_wcB,42.9,"https://res.cloudinary.com/evino/image/upload/t_bottle_large,f_auto/v1/products/1657870-standing-front.jpg"
jerez,https://www.mistral.com.br/p/vinho/manzanilla-la-gitana-hidalgo,134.5,https://mistral2015.s3.amazonaws.com/products/2235/img_s_2235.jpg
beaune,https://www.mistral.com.br/p/vinho/beaune-clos-des-ursules-les-vignes-franches-2011-louis-jadot?gclid=Cj0KCQiAsK7RBRDzARIsAM2pTZ8BW3JeZBrHpW_m2zAvRQyLL39IUYfjursXeWP1dq3M3-hBLDB1jNQaAhk5EALw_wcB,585.1,https://mistral2015.s3.amazonaws.com/products/27253/img_s_27253.png
sake,http://www.konbini.com.br/saque-seco-azuma-kirin-dourado-tozan-740ml?gclid=Cj0KCQiAsK7RBRDzARIsAM2pTZ9SucQdYdD500MDjKZqIgwNepAW5WavOz3l9hIgOodonfY8xqX4fpAaAhFmEALw_wcB,32.4,http://www.konbini.com.br/media/catalog/product/cache/1/image/600x600/9df78eab33525d08d6e5fb8d27136e95/s/a/saque-seco-azuma-kirin-dourado-tozan-740ml_8_5.jpg
zinfandel,http://www.todovino.com.br/vinho-robert-mondavi-private-selection-zinfandel-750ml-382/p,128.9,http://img.todovino.com.br/imagens/produtos/BVITTRVQLZISCXX000000001/BVITTRVQLZISCXX000000001/Detalhes/vinho-robert-mondavi-private-selection-zinfandel-750ml.jpg
cassis,https://www.wine.com.br/vinhos/barahonda-tranco-monastrell-cabernet-sauvignon-2014/prod15736.html?gclid=Cj0KCQiAsK7RBRDzARIsAM2pTZ8i9uy5kGd7z9A9mpkHPxLMQYDSl-VqD5z19SLhob8m_P99Rml90fkaAvXyEALw_wcB,76.0,https://www.wine.com.br/renderImage.image?imageName=produtos/15736-01.jpg&padding=0
barsac,https://www.tintowine.com.br/vinho-chateau-doisy-daene-sauternes-barsac-branco-frances-375ml?gclid=Cj0KCQiAsK7RBRDzARIsAM2pTZ9DQ-KeBlZi96zMDofvwTxMFMrQGG-xsgpx4jFzoQqa_Vnf9JwsB4EaArc-EALw_wcB,259.9,https://assets.xtechcommerce.com/uploads/images/medium/46936402d04fdf3ea497e64c16adac7d.jpg
fume_blanc,http://www.todovino.com.br/vinho-robert-mondavi-napa-valley-fume-blanc-750ml-162/p,232.9,http://img.todovino.com.br/imagens/produtos/BVIBRRVWFSBSCXX000000001/BVIBRRVWFSBSCXX000000001/Detalhes/vinho-robert-mondavi-napa-valley-fume-blanc-750ml.jpg
brouilly,https://www.mistral.com.br/p/vinho/brouilly-hospices-de-belleville-2014-joseph-drouhin,160.2,https://mistral2015.s3.amazonaws.com/products/29329/img_s_29329.png
chambolle_musigny,https://www.mistral.com.br/p/vinho/chambolle-musigny-les-drazeys-2013-louis-jadot?gclid=Cj0KCQiAsK7RBRDzARIsAM2pTZ85cAyACM2zpOimUlKASM45snDN90m_yIG4_jXCy_VLwcmA3WCPrMIaAo_yEALw_wcB,591.7,https://mistral2015.s3.amazonaws.com/products/29343/img_s_29343.png
chitry,https://www.atlaswinesales.com/index.php?route=product/product&path=1&product_id=1450,49.9,https://wine-searcher1.freetls.fastly.net/images/labels/18/67/domaine-marcel-giraudon-bourgogne-chitry-rouge-burgundy-france-10341867.jpg
chardonnay_moscato,http://www.todovino.com.br/vinho-georges-duboeuf-chardonnay-vin-de-france-2014-750ml-366/p,86.9,http://img.todovino.com.br/imagens/produtos/BVIBRGDJPCHSCXX000000001/BVIBRGDJPCHSCXX000000001/Detalhes/vinho-georges-duboeuf-chardonnay-vin-de-france-2014-750ml.jpg
saint_aubin,http://www.todovino.com.br/vinho-eguigal-saint-joseph-2013-750ml-139/p,299.9,http://img.todovino.com.br/imagens/produtos/BVITTGUHOXXSCXX000000001/BVITTGUHOXXSCXX000000001/Detalhes/vinho-eguigal-saint-joseph-2013-750ml.jpg
chardonnay_verdelho,http://www.todovino.com.br/vinho-georges-duboeuf-chardonnay-vin-de-france-2014-750ml-366/p,86.9,http://img.todovino.com.br/imagens/produtos/BVIBRGDJPCHSCXX000000001/BVIBRGDJPCHSCXX000000001/Ampliada/vinho-georges-duboeuf-chardonnay-vin-de-france-2014-750ml.jpg
chablis_grand_cru,https://todovino.produto.rakuten.com.br/vinho-la-chablisienne-chablis-la-pierrelee-2010-750-ml.aspx?p=1&sclid=pl_ggl_todovino_vinho-la-chablisienne-chablis-la-pierrelee-2010-750-ml&gclid=Cj0KCQiAsK7RBRDzARIsAM2pTZ9k5GI0MLol6kxIKrIphUQLRsHd2Xr4Ucszjcr9ZQ1B2sN0vOXXr2waAllgEALw_wcB,,
malbec,https://www.evino.com.br/product/el-molino-malbec-2017-85421.html,26.9,"https://res.cloudinary.com/evino/image/upload/t_bottle_large,f_auto/v1/products/1679190-standing-front.jpg"
sauternes,https://todovino.produto.rakuten.com.br/vinho-thomas-barton-reserve-sauternes-aoc-750ml.aspx,,
merlot,https://www.evino.com.br/product/aros-merlot-2017-87881.html,29.9,"https://res.cloudinary.com/evino/image/upload/t_bottle_large,f_auto/v1/products/1681690-standing-front.jpg"
cabernet_sauvignon,https://www.evino.com.br/product/la-croix-du-pin-cabernet-sauvignon-2016-84961.html,32.9,"https://res.cloudinary.com/evino/image/upload/t_bottle_large,f_auto/v1/products/1678920-standing-front.jpg"
albarino,https://todovino.produto.rakuten.com.br/vinho-castell-de-raimat-albario-750ml.aspx,150.9,https://www.rakuten-imagens.com.br/produtos/6504fab2-ec5c-4281-a241-eb37284ee818/43/f30efc6e-0c73-49a6-827b-00a5f142af43/detail/f30efc6e-0c73-49a6-827b-00a5f142af43_front.jpg
water,https://www.paodeacucar.com/produto/12628/agua-mineral-com-gas-crystal-garrafa-500ml,1.79,https://www.paodeacucar.com/img/uploads/1/7/543007.JPG?type=product
chardonnay,https://www.evino.com.br/product/champagne-nicolas-feuillatte-blanc-de-blancs-2008-77671.html,199.9,"https://res.cloudinary.com/evino/image/upload/t_bottle_large,f_auto/v1/products/1672770-standing-front.jpg"
vino_passito,https://todovino.produto.rakuten.com.br/vinho-planeta-passito-di-noto-doc-500-ml.aspx,346.9,https://www.rakuten-imagens.com.br/produtos/6504fab2-ec5c-4281-a241-eb37284ee818/a8/55a9e64d-905a-43e4-b6a4-706899022ea8/detail/55a9e64d-905a-43e4-b6a4-706899022ea8_front.jpg
sauvignon,https://www.evino.com.br/product/chatelain-desjacques-sauvignon-blanc-80061.html,42.9,"https://res.cloudinary.com/evino/image/upload/t_bottle_large,f_auto/v1/products/1674840-standing-front.jpg"
riesling,https://www.evino.com.br/product/baby-chandon-riche-demi-sec-187-ml-26961.html,29.9,"https://res.cloudinary.com/evino/image/upload/t_bottle_large,f_auto/v1/products/1631050-standing-front.jpg"
cremant_de_loire,https://todovino.produto.rakuten.com.br/espumante-leon-beyer-cremant-d-alsace-750ml.aspx,131.5,https://www.rakuten-imagens.com.br/produtos/6504fab2-ec5c-4281-a241-eb37284ee818/e3/1c3d5ef3-7b68-4381-9e55-35b161739ee3/detail/1c3d5ef3-7b68-4381-9e55-35b161739ee3_front.jpg
syrah,https://todovino.produto.rakuten.com.br/vinho-trapiche-vineyards-syrah-750ml.aspx,46.9,https://www.rakuten-imagens.com.br/produtos/6504fab2-ec5c-4281-a241-eb37284ee818/80/c77b098f-698c-445f-bca6-1cb13a022b80/detail/c77b098f-698c-445f-bca6-1cb13a022b80_front.jpg
champagne,https://www.evino.com.br/product/champagne-nicolas-feuillatte-brut-reserve-64622.html,179.9,"https://res.cloudinary.com/evino/image/upload/t_bottle_large,f_auto/v1/products/1645550-standing-front.jpg"
vidal,https://todovino.produto.rakuten.com.br/vinho-inniskillin-vidal-pearl-icewine-375-ml.aspx,714.9,https://www.rakuten-imagens.com.br/produtos/6504fab2-ec5c-4281-a241-eb37284ee818/68/445c0295-c37c-4a5b-b462-435ad83ae768/detail/445c0295-c37c-4a5b-b462-435ad83ae768_front.jpg
pinot_gris,https://www.evino.com.br/product/casa-defra-pinot-grigio-2016-77081.html,29.9,"https://res.cloudinary.com/evino/image/upload/t_bottle_large,f_auto/v1/products/1672550-standing-front.jpg"
