Leg,Cumulative,Subtractive
1,26.97,26.97
2,56.12,29.15
3,1:26.00,29.88
4,1:56.16,30.16
5,2:26.46,30.30
6,2:56.67,30.21
7,3:27.12,30.45
8,3:57.67,30.55
9,4:28.22,30.55
10,4:58.31,30.09
