пїЅ
Day FOUR Gallery
Day FIVE Gallery
Day SIX Gallery
пїЅ
